1,二郎は帰った,0,0
1,太郎は帰った,1,1
5,納会は５時に終了する,1,1
5,納会は４時に終了する,0,0
5,納会は終了する,1,1
3,太郎は１月に生まれた,1,1
4,二郎は１月に生まれた,0,0
8,太郎は岡山で生まれた,1,1
8,太郎は岐阜で生まれた,0,0
9,二郎は岡山で生まれた,0,0
10,三郎は岡山で生まれた,0,0
14,太郎には３歳の息子がいる,1,1
14,二郎には息子がいる,0,0
12,二郎は寝屋川に住んでいる,0,0
12,二郎は高槻に住んでいる,1,1
12,二郎は茨木に住んでいる,0,0
13,二郎は高槻に向かっている,0,0
14,二郎は高槻で飲んでいる,0,0
16,太郎は一人暮らしである,0,0
15,二郎は同い年の妻と同居している,1,1
18,花子は高槻市に勤めている,1,1
19,花子は香川で生まれた,1,1
20,花子は１２月生まれである,1,1
21,二郎はビールを飲んだ,1,1
22,太郎はビールを飲んだ,0,0
23,三郎はワインを飲んだ,0,0
23,三郎はビールを５杯飲んだ,0,0
24,二郎はつぶれてしまった,0,0
25,三郎は終電を逃した,1,1
